     à    á    â    ã    ä    å    ¸    æ    ç    è    é    ê    ë    ì    í    î    ï    ð    ñ    ò    ó    ô    õ    ö    ÷    ø    ù    ú    û    ü    ý    þ    ÿ         
à    8 1281 8114 1384 6704   59    0 2128 7742  135    0 11145 10138 4101 16381    5 1887 12629 2238 8281   20  172 1141  884 2983 2213  598    0    0    0    0    0    0 2958 
á  907    7   21    0   43 1696    0   77  304  628    2    0   33   41   17 5313    0  204   72   38  869    0    0    0    0    0    0    0  385  122    0  621   68 10001 
â 5004  147   53   42 1615 2447    0    0 1262 3667    1  723    4    1   47 11456    0  436 2746 4221 1307    0  173   32    9   21    1    0 1694   16    1    0  491 21414 
ã 1169   15   65    3   10 5201    0   11  534  732    0    1  156   78  123 7427   14  413   31   24 1890    0    2    0    0    0    0    0  108   29    4    6  117 6043 
ä 2778   40  477 1709   39 4131    0 1209  974 2222  225    0  416    0  911 7443    0  429  449  258 2522    0    2    0    0    0    0    0  166   73    3  788  834 10893 
å 1576 3260 6760  819 6830 2557    0 5757  365 4582    2  583 6700 4325 13499 3818 3712 9011 5141 6513  342  177   45 1364 4921 3633 1903  214 1848 2080    0    0  192 6198 
¸    0    0    0    0    0    0    0    0    0    0    0    0    0    0    0    0    0    0    0    0    0    0    0    0    0    0    0    0    0    0    0    0    0    0 
æ 1844   10    1    1   26 1648    0   34  207  643    0   20  551    0   15 2734    0  447   36    0 1981    0    0    0    0    0    0    0   24    0    0    7  849 2964 
ç 5947    0  750    1    2 1850    0    0   59 3269    0    3    6    4   19 1532    0   43   42    7 1407    0    0    0    0    0    0    0   81  209    5   26 1026 5199 
è  172 1084 4822 1042 3813  292    0 2216  553 1536    0 3711 9887 4756 12739 1291 1130 7778 2168 5583   14  828  241  391 2354 2830 1172    0   29  217    0    0   21 17059 
é  796    0    0    0    1 3747    0    0    0 1813    0    0    0    0    0 5634    0    0    0    0  109    0    0    0    0    0    0    0 2062    0   15    0   65   43 
ê 5975  244  201  108  272 1563    0  107  194 3009   62   15  684   89  288 2440  111  347 7806  570 1046    0    0  108  325  472    0    0  250 1674   74    6  250 13455 
ë 13313 1137 1708 2066 1332 9227    0    1  344 6822   16  582  144  190    5 10434 1181  120 3954  316 1650  104  157    2   34  657    0    0 3755    0  106   80 1340 3743 
ì 4192   46  199    1  217 6057    0   10  456 4571   56    6    7   29    0 7336    1  560 1435   17 1450    1   83    3   10   13    0    0 2252  393    3   18  564 7656 
í 6714  446 1613  366 2668 11889    0 1954 2553 4631  617 1707  465 1458 4015 9940  123  926 1660 1502  417    0  144    0  766  585   55    0  303 1694   27   23  845 22531 
î    9 3332 11838 13516 5618  999    0   53 1083  223   14 12357 9277 5328 13962  325 13397 9978 4500 23473    6  110 3038  467   97  341    2    0    1   36    0    0    0 17324 
ï 1588    0  349    0  170 1437    0    0    0  253    0    0  373  283    8 2114   48  116 2561   96 1094    0    0    0    1   35    0    0  141    0   13    4   47 21888 
ð 4654 1593 1079 1598 2578 9817    0    6  349  689    8 2195    0   54  106 9753 9795    9  517 3977  864  873  130    0   29    2    4    0  462    0    1   83   93 5486 
ñ 5232  124 4750  141  677 5911    0   37  279 4447 1205  169 1660  164  769 11279    8  336 1493 1508 1964   11  108    0    0    0    0    0 1237 1263   45  109 1029 22048 
ò 7212   11  299    4  310 5541    0    0   31 4811  303  730   52    9  571 10430   66  810 17533  150 2113   25   54    0 5997  115    1    0 1191   91 3674  769 2230 10885 
ó  187 1438 1242  937 2456  118    0  206  404    7    0 2195 1706 3636 3152   89 1006 4309 1251 2063    4  133  173  896  916  426  154    0    5    0    0    0    5 4982 
ô  744    0    0    0    9   17    0    0    0   38    0    0    7   15    9  405   46   18   12    9   16    7    0    0    0    0    0    0    0    0    3    0    0 1149 
õ 1449  186   61    0   58 1400    0    0    0 2846    2    0   13    0   16  668    0  129  259   15  468    0    0    0    0    0    0    0 1636    1   14   13  323 1447 
ö   96    1   20    3  242  300    0    0    5 1704   26   18    1   36 1088   79   31   84   40  147   15    0    0    0    0    1    0    0   14  121    0   19   59  526 
÷ 1160   29   59   43   60 1381    0   51   25 1987   80   27  291   39  215 1898  205   90  457  282 1160    2    1    0    0    0    0    0  334  103    0  125  197 8230 
ø 1968    6 1869    9  194  964    0    0   17  514  182   15   10   12   26 1516    2  461  133    2 1005    0   22    0  147    1    0    0  711  783    0   49   30 1018 
ù  383  310    2    0    0  858    0    0    0  241    0    0    4    7  164  234    5   50    1   18  465    0    0    0    0    0    0    0    3   11    0  727  358   76 
ú    0  169   17    0  214    0    0    0   25    0    0    0    0    0    1    0    0    0   38   56    0    0    3    0    0    0    0    0    0    0    0    0    0    0 
û    0 6475 3706    1  894    0    0    0  910    0    0    0 1376 1390 5038    0  466 2459  504 2041    0   12    0  246    0    0    0    0    0    0    0    0    0    1 
ü    0   55  242    0  569    0    0   62  545    0    0    2 5854   69 1442    0 1452 1571 4200 8524    0    8    0    0  255  317   21    0    0    0    0    0    0    3 
ý    1    0    0    0    0    0    0    0    0    0    0    0    0    1    0   30    0    0    0    0    7    0    0    0    0    0    0    0    0    0    1    0    0 3693 
þ 1161    5    1    0   15  347    0   60   63  596    0    5 1766   39  198  598    0  164  174   63 1421    6    0    0    0    0    0  150    0  637    0   52  186   21 
ÿ 3276  619  355    0  595  492    0    0  667 3223    0    0 2850  682 3364  998  486 1574 4759  855  109    0    0    7    0    1    0  158    1  819    0    0  233 1760 
  18083  250 7945  812 1273 19741    0  169 1697 22510 8042 5384 8251 7337 4588 26099   24 1161 3511 4868 5201  150 3945  144  193   70   19    0 4531 10156    0 2538 11803    0 
