     à    á    â    ã    ä    å    ¸    æ    ç    è    é    ê    ë    ì    í    î    ï    ð    ñ    ò    ó    ô    õ    ö    ÷    ø    ù    ú    û    ü    ý    þ    ÿ         
à    5  647 4143  676 3376   24    0 1040 3928   66    0 5601 5016 2051 8250    2  963 6291 1136 4153    7   85  553  445 1508 1115  295    0    0    0    0    0    0 1504 
á  449    3   14    0   24  858    0   38  145  314    1    0   19   19    6 2592    0   94   33   19  437    0    0    0    0    0    0    0  205   67    0  322   35 4994 
â 2476   78   26   18  810 1195    0    0  624 1801    0  341    3    1   23 5602    0  212 1384 2147  671    0   82   10    5   13    0    0  815    8    0    0  245 10640 
ã  602    6   37    1    7 2574    0    7  271  370    0    1   92   39   66 3753    7  228   15   10  963    0    1    0    0    0    0    0   58   14    1    4   62 3006 
ä 1376   15  258  846   22 2119    0  582  495 1102  112    0  190    0  473 3734    0  212  245  147 1265    0    1    0    0    0    0    0   93   36    2  404  407 5405 
å  780 1615 3395  392 3404 1279    0 2880  179 2310    1  292 3394 2121 6638 1883 1839 4371 2529 3267  180   96   25  675 2469 1828  961  103  964 1053    0    0   96 3156 
¸    0    0    0    0    0    0    0    0    0    0    0    0    0    0    0    0    0    0    0    0    0    0    0    0    0    0    0    0    0    0    0    0    0    0 
æ  932    5    1    0   13  840    0   14  106  326    0    7  274    0    7 1368    0  215   23    0 1044    0    0    0    0    0    0    0   11    0    0    1  417 1464 
ç 2952    0  402    1    1  937    0    0   29 1622    0    1    1    3    9  761    0   22   22    2  686    0    0    0    0    0    0    0   40  107    3   11  508 2546 
è   87  546 2424  516 1815  156    0 1127  273  750    0 1876 4994 2356 6345  631  569 3924 1010 2861    6  397  128  204 1204 1391  577    0   14  120    0    0   11 8408 
é  414    0    0    0    1 1827    0    0    0  920    0    0    0    0    0 2827    0    0    0    0   59    0    0    0    0    0    0    0 1020    0    6    0   32   21 
ê 2949  114  105   55  120  768    0   42  102 1505   29    4  341   41  160 1235   61  177 3853  281  537    0    0   54  159  222    0    0  122  804   38    0  118 6743 
ë 6673  548  822 1029  695 4684    0    1  149 3444    7  281   78  102    2 5212  587   55 1911  159  863   52   82    1   14  336    0    0 1870    0   54   36  657 1882 
ì 2109   15  101    0  102 3037    0    5  219 2333   20    3    4   16    0 3720    0  283  699    6  740    1   38    0    4    9    0    0 1137  200    1   10  293 3853 
í 3266  230  770  184 1365 5938    0  972 1342 2240  337  851  215  697 2021 4886   61  458  836  736  203    0   68    0  390  305   35    0  146  864   10   11  431 11466 
î    4 1695 5965 6693 2845  504    0   20  560  102   10 6172 4686 2729 6984  170 6681 4918 2249 11594    3   53 1488  233   45  161    2    0    0   17    0    0    0 8855 
ï  765    0  169    0   78  718    0    0    0  126    0    0  190  118    4 1057   28   56 1283   45  552    0    0    0    1   16    0    0   70    0    4    0   28 11051 
ð 2413  792  558  815 1294 4961    0    3  189  340    2 1085    0   30   50 4963 4873    5  261 2013  420  437   69    0   19    1    1    0  226    0    0   36   49 2754 
ñ 2612   64 2439   72  330 3015    0   19  146 2234  623   77  799   72  405 5659    1  143  777  775  942    7   51    0    0    0    0    0  637  624   21   50  505 10983 
ò 3586    6  156    2  141 2747    0    0   16 2459  130  369   22    3  274 5263   36  397 8827   86 1031   12   33    0 3049   46    0    0  576   46 1825  397 1090 5404 
ó   89  722  617  472 1235   61    0  105  208    5    0 1124  881 1816 1536   40  518 2169  611 1052    2   66   79  448  429  199   71    0    2    0    0    0    2 2470 
ô  381    0    0    0    6    9    0    0    0   19    0    0    1    5    4  214   24    8    3    6    9    1    0    0    0    0    0    0    0    0    2    0    0  596 
õ  696  105   32    0   36  699    0    0    0 1423    1    0    7    0    9  331    0   70  133    9  242    0    0    0    0    0    0    0  845    1   10    9  179  725 
ö   41    1    8    1  122  147    0    0    2  868   10   10    0   12  549   42   12   47   18   85    4    0    0    0    0    1    0    0    9   64    0    9   33  254 
÷  567   12   29   22   33  714    0   17   12  947   36   13  156   23  110  970   95   39  227  144  560    0    0    0    0    0    0    0  161   55    0   69   94 4068 
ø  954    3  978    4   85  496    0    0    6  252   94    8    7    6   21  780    0  240   73    0  500    0   10    0   73    0    0    0  346  391    0   21   13  502 
ù  201  172    1    0    0  410    0    0    0  122    0    0    3    3   83  113    1   26    1   10  223    0    0    0    0    0    0    0    2    4    0  368  179   43 
ú    0   82    8    0  113    0    0    0   13    0    0    0    0    0    0    0    0    0   24   29    0    0    3    0    0    0    0    0    0    0    0    0    0    0 
û    0 3270 1886    1  434    0    0    0  469    0    0    0  655  654 2523    0  227 1202  271  997    0    5    0  117    0    0    0    0    0    0    0    0    0    1 
ü    0   23  107    0  283    0    0   32  280    0    0    2 2938   40  702    0  726  771 2106 4268    0    3    0    0  126  150   10    0    0    0    0    0    0    3 
ý    1    0    0    0    0    0    0    0    0    0    0    0    0    1    0   15    0    0    0    0    2    0    0    0    0    0    0    0    0    0    0    0    0 1873 
þ  568    5    1    0    7  168    0   35   26  324    0    2  863   20   87  319    0   83   72   32  711    0    0    0    0    0    0   69    0  306    0   27   90   12 
ÿ 1692  294  171    0  292  251    0    0  312 1599    0    0 1384  353 1692  506  247  796 2443  397   50    0    0    6    0    1    0   78    0  411    0    0  116  889 
  8931  122 3937  404  638 9919    0   92  793 11354 4029 2744 4087 3625 2318 12917   11  574 1744 2427 2614   67 1950   69   97   38    7    0 2278 5088    0 1228 5862    0 
